Shtora Vkl
0000 006D 0022 0000 0193 00AE 0018 0016 0018 0016 001A 0016 0018 0016 0018 0016 001A 0016 0018 0016 0018 0016 001A 0041 0018 0041 001A 0041 001A 0041 0018 0041 001A 0041 001A 0041 0018 0041 0018 0018 0018 0016 0018 0016 0018 0016 001A 0014 001A 0016 0018 0041 001A 0016 0018 0041 001A 0041 0018 0043 0018 0041 001A 0041 0018 0041 001A 0016 0018 0041 0018 06C3 

Shtora RED
0000 006D 0022 0000 018B 00AE 0018 0018 0016 0016 001A 0016 0016 0018 0018 0016 0018 0016 0018 0018 0016 0016 0018 0043 0018 0041 0018 0041 001A 0043 0018 0043 0016 0041 001A 0043 0016 0043 0018 0016 0018 0018 0016 0018 0016 0043 0018 0043 0018 0014 001A 0043 0016 0018 001A 0041 0018 0043 0016 0041 001A 0016 0018 0016 0018 0043 0018 0016 0018 0043 0016 06C3 

Shtora YELLOW
0000 006D 0022 0000 0191 00AC 0018 0016 001A 0014 001A 0016 0018 0016 0018 0016 001A 0014 001A 0016 0018 0016 001A 0041 0018 0043 0018 0041 001A 0041 0018 0043 0018 0041 001A 0041 0018 0043 0018 0016 0018 0016 001A 0016 0018 0041 001A 0043 0018 0014 001A 0016 0018 0016 0018 0041 0018 0041 001A 0043 0018 0016 001A 0016 0018 0041 001A 0043 0018 0041 001A 06C3 

Shtora GREEN
0000 006D 0022 0000 0189 00AE 0018 0016 0018 0016 0018 0016 0018 0016 0018 0016 0018 0016 0018 0016 0018 0016 0018 0043 0016 0043 0018 0041 0018 0043 0018 0041 0018 0041 001A 0041 0018 0041 0018 0041 001A 0016 0018 0016 0018 0041 0018 0041 001A 0016 0016 0043 0018 0016 0018 0016 0018 0041 0018 0041 001A 0016 0018 0016 0018 0041 0018 0016 0018 0041 0018 06C3 

Shtora FLASH
0000 006D 0022 0000 0191 00AE 0018 0016 0018 0016 001A 0016 0018 0016 001A 0014 001A 0016 0018 0016 001A 0014 001A 0041 001A 0041 0018 0041 001A 0043 0018 0041 0018 0043 0018 0043 0018 0041 001A 0041 001A 0041 0018 0016 0018 0016 0018 0043 0018 0016 001A 0016 0018 0016 001A 0016 0018 0016 0018 0041 001A 0041 0018 0016 0018 0041 001A 0041 0018 0041 0018 06C3 

Shtora AUTO
0000 006D 0022 0000 0191 00AC 0018 0016 0018 0016 001A 0016 0018 0016 0018 0016 001A 0016 0018 0016 0018 0016 001A 0041 0018 0043 0018 0041 0018 0043 001A 003F 0018 0041 001A 0041 001A 0041 0018 0041 001A 0041 0018 0043 0018 0041 001A 0016 0018 0016 0018 0016 0018 0016 0018 0016 0018 0016 001A 0014 001A 0016 0018 0041 001A 003F 001A 0041 001A 0041 0018 06C3 

Shtora FADE7
0000 006D 0022 0000 0189 00AC 0018 0018 0018 0014 001A 0016 0016 0018 0018 0014 001A 0016 0018 0016 0018 0014 001A 0041 0018 0043 0016 0043 0018 0043 0018 0041 0018 0041 001A 0041 0018 0041 0018 0041 001A 0041 0018 0041 0018 0018 0016 0016 001A 0014 0018 0018 0018 0014 001A 0016 0018 0016 0018 0014 001A 0041 0018 0041 0018 0043 0018 0041 0018 0043 0018 06C3 

Shtora QUICK
0000 006D 0022 0000 0193 00AE 001A 0016 0018 0016 001A 0016 0018 0016 0018 0016 0018 0016 0018 0016 001A 0014 001A 0043 0018 0041 001A 0041 001A 0041 0018 0043 0018 0041 001A 0041 001A 0041 001A 0041 001A 0041 0018 0043 0018 0016 0018 0043 0018 0016 0018 0016 001A 0016 0018 0018 0018 0016 001A 0016 0018 0043 001A 0014 001A 0041 001A 0041 001A 0041 0018 06C3 

Shtora SLOWLY
0000 006D 0022 0000 0191 00AE 0018 0016 0018 0016 001A 0016 0018 0016 001A 0014 001A 0016 0018 0016 001A 0014 001A 0041 001A 0041 0018 0041 001A 0043 0018 0041 0018 0043 0018 0043 0018 0041 001A 0041 001A 0041 0018 0016 0018 0016 0018 0043 0018 0016 001A 0016 0018 0016 001A 0016 0018 0016 0018 0041 001A 0041 0018 0016 0018 0041 001A 0041 0018 0041 0018 06C3 

Ogoni Vverh
0000 006D 0022 0000 018D 00AC 001A 0014 001A 0016 0018 0014 0018 0018 0018 0014 001A 0016 0018 0016 0018 0016 0018 0041 001A 0041 0018 0041 0018 0043 0018 0041 0018 0041 001A 0041 0018 0041 001A 0014 001A 0014 001A 0041 0018 0041 0018 0041 001A 0016 0016 0043 0018 0016 0018 0041 001A 0041 0018 0016 0018 0016 0018 0016 001A 003F 0018 0018 0016 0043 0018 06C3 

Ogoni Vniz
0000 006D 0022 0000 0191 00AC 0018 0018 0018 0016 0018 0016 0018 0018 0016 0016 001A 0016 0018 0016 0018 0018 0018 0041 001A 0041 0018 0041 001A 0041 001A 0041 0018 0043 0018 0041 0018 0041 001A 0041 0018 0018 0016 0041 001C 003F 0018 0043 001A 0014 001A 0041 0018 0016 001A 0014 001A 0043 0018 0016 0018 0016 001A 0018 0016 0043 0018 0016 001A 0041 001A 06C3 

Shtora DIY4
0000 006D 0022 0000 018F 00AC 0018 0016 0018 0016 001A 0014 0018 0018 0018 0014 001A 0016 0018 0016 0018 0016 0018 0041 0018 0043 0018 0041 001A 0041 0018 0041 0018 0041 001A 0041 0018 0043 0018 0016 0018 0016 0018 0016 0018 0041 001A 0016 0018 0016 0018 0016 0018 0016 0018 0041 001A 0041 0018 0041 0018 0016 0018 0043 0018 0041 0018 0043 0018 0041 0018 06C3 



TV ON/OFF
0000 006D 0022 0000 00B0 00AA 0018 003D 0016 003F 0016 0041 0016 0014 0014 0016 0014 0016 0018 0012 0014 0016 0018 003F 0014 0041 0014 0041 0014 0016 0018 0012 0014 0016 0014 0016 0014 0016 0018 0012 0014 0041 0016 0014 0016 0014 001A 0011 0016 0016 0014 0016 0014 0014 0016 0041 0016 0014 0018 003F 0014 0041 0016 003F 0016 0041 0014 0041 0016 0041 0014 06C3 

TV GROMCHE
0000 006D 0022 0000 0159 00A8 0016 0041 0014 0016 0016 0016 0016 0014 0016 0016 0016 0014 0016 0016 0016 0016 0014 0016 0018 003F 0016 003F 0016 0041 0018 003F 0016 0041 0014 0041 0016 0041 0016 0041 0016 0041 0018 0012 0016 0041 0016 0014 001A 0012 0016 0041 0018 0012 0016 0016 0014 0016 0016 0041 0016 0016 0014 0041 0016 0041 0016 0016 0014 0041 0018 06C3 

TV TISHE
0000 006D 0022 0000 0157 00AA 0016 0041 0016 0016 0014 0016 0016 0016 0016 0014 0016 0016 0018 0012 0016 0016 0016 0016 0014 0041 0016 0041 0016 0041 0014 0041 0016 0041 0018 003F 0016 003F 0016 0041 0016 0041 0016 0041 0014 0041 0016 0016 0016 0014 0016 0041 0016 0016 0014 0016 0016 0016 0018 0012 001A 0012 0016 0041 0014 0041 0016 0016 0016 003F 0016 06C3 

TV +
0000 006D 0022 0000 0159 00A8 0016 0041 0016 0014 0016 0016 0016 0016 0018 0012 0016 0016 0018 0012 0016 0016 0014 0016 001A 003D 0018 003F 0014 0041 0016 0041 0016 0041 0018 003F 0014 0041 0016 0041 0016 0016 0014 0016 0018 003F 0016 0014 0016 0016 0018 0012 0016 0016 0018 0014 0014 0041 0016 0041 0018 0014 0014 0041 0016 0041 0016 0041 0014 0041 0016 06C3 

TV -
0000 006D 0022 0000 0157 00AA 0018 003F 0016 0014 0018 0014 0018 0012 0018 0014 0018 0012 0018 0014 0018 0012 0018 0014 0018 003F 0018 003D 0018 003F 0018 003F 0018 003F 0016 003F 0018 003F 0018 003F 0018 0012 0018 003F 0018 0014 0016 0014 0018 0014 0018 0012 0016 0016 0018 0012 0016 0041 0018 0014 0016 003F 0018 003F 0018 003F 0018 003F 0016 003F 0018 06C3 

TV INFO
0000 006D 0022 0000 0157 00AA 0016 0041 0016 0016 0014 0016 0016 0016 0014 0016 0016 0016 0014 0016 0016 0016 0016 0014 0016 0041 0016 0041 0016 0041 0014 0041 0016 0041 0016 0041 0014 0041 0016 0041 0016 0016 0014 0016 0016 0041 0016 0014 0016 0016 0016 0041 0014 0016 0016 0016 0016 0041 0014 0041 0016 0016 0014 0041 0016 0041 0016 0016 0014 0041 0016 06C3 



IYO +
0000 006D 0022 0000 0193 00AE 0018 0018 0016 0016 001A 0016 0018 0018 0016 0016 001A 0016 0016 0018 0018 0016 0018 0043 0018 0043 0016 0043 0018 0041 0018 0043 0018 0043 0018 0043 0018 0041 0018 0018 0018 0016 0018 0043 0018 0016 0018 0043 0018 0016 0018 0016 0018 0018 0018 0041 0018 0041 001A 0016 0018 0043 001A 0016 0018 0043 0018 0043 0016 0043 0018 06C3 

IYO -
0000 006D 0022 0000 017F 00AC 0018 0016 0018 0016 0018 0016 0016 0018 0016 0016 0018 0016 0016 0018 0016 0016 0018 0041 0018 0043 0016 0043 0018 0041 0016 0043 0016 0041 001A 0041 0018 0041 0018 0016 0016 0018 0018 0016 0016 0016 0016 0043 0016 0018 0016 0018 0016 0018 0016 0041 0018 0043 0016 0043 0016 0043 0016 0018 0016 0043 0018 003F 0018 0041 0018 06C3 




